2024-05-20T09:48:37.242143300-Server is running on port: 443
2024-05-20T09:49:09.388237400-Client connected from /127.0.0.1:2328
2024-05-20T09:49:09.463530800-Response: 
HTTP/1.1 200 OK
Connection: close
Date: Mon, 20 May 2024 07:49:09 GMT
Server: DJGI/1.0.0
Content-Type: application/json
Content-Length: 884
Set-Cookie: cookie4=ma369xrz; Max-Age=25; HttpOnly; Date=2024-05-20T09:49:09.461530900
Set-Cookie: cookie5=ma370xrz; Max-Age=47; HttpOnly; Date=2024-05-20T09:49:09.462531100
Set-Cookie: cookie3=ma368xrz; Max-Age=33; Secure; HttpOnly; Date=2024-05-20T09:48:37.202958200

[{"name":"Project_1","description":"Description_1","teacher":"Teacher_1","student":"Student_1","grade":"A","status":"Completed","lastModified":"2024-05-20T09:48:37.195382700"},{"name":"Project_2","description":"Description_2","teacher":"Teacher_2","student":"Student_2","grade":"B","status":"In_Progress","lastModified":"2024-05-20T09:48:37.195382700"},{"name":"Project_3","description":"Description_3","teacher":"Teacher_3","student":"Student_3","grade":"C","status":"In_Progress","lastModified":"2024-05-20T09:48:37.195382700"},{"name":"Project_4","description":"Description_4","teacher":"Teacher_4","student":"Student_4","grade":"D","status":"In_Progress","lastModified":"2024-05-20T09:48:37.195382700"},{"name":"Project_5","description":"Description_5","teacher":"Teacher_5","student":"Student_5","grade":"E","status":"In_Progress","lastModified":"2024-05-20T09:48:37.195382700"}]

2024-05-20T09:49:09.601404500-Client connected from /127.0.0.1:2331
2024-05-20T09:49:09.636412900-Response: 
HTTP/1.1 404 Not Found
Connection: close
Date: Mon, 20 May 2024 07:49:09 GMT
Server: DJGI/1.0.0
Content-Type: text/plain
Content-Length: 35
Set-Cookie: cookie3=ma368xrz; Max-Age=33; Secure; HttpOnly; Date=2024-05-20T09:48:37.202958200
Set-Cookie: cookie4=ma369xrz; Max-Age=25; Secure; HttpOnly; Date=2024-05-20T09:49:09.461530900
Set-Cookie: cookie5=ma370xrz; Max-Age=47; Secure; HttpOnly; Date=2024-05-20T09:49:09.462531100

Teacher with ID Teacher_6 not found

2024-05-20T09:49:09.659425100-Client connected from /127.0.0.1:2333
2024-05-20T09:49:09.668424600-Response: 
HTTP/1.1 200 OK
Connection: close
Date: Mon, 20 May 2024 07:49:09 GMT
Server: DJGI/1.0.0
Content-Type: text/plain
Content-Length: 15
Set-Cookie: cookie3=ma368xrz; Max-Age=33; Secure; HttpOnly; Date=2024-05-20T09:48:37.202958200
Set-Cookie: cookie4=ma369xrz; Max-Age=25; Secure; HttpOnly; Date=2024-05-20T09:49:09.461530900
Set-Cookie: cookie5=ma370xrz; Max-Age=47; Secure; HttpOnly; Date=2024-05-20T09:49:09.462531100

Teacher deleted

2024-05-20T09:49:09.684490700-Client connected from /127.0.0.1:2335
2024-05-20T09:49:09.701000700-Response: 
HTTP/1.1 200 OK
Connection: close
Date: Mon, 20 May 2024 07:49:09 GMT
Server: DJGI/1.0.0
Content-Type: application/json
Content-Length: 884
Set-Cookie: cookie3=ma368xrz; Max-Age=33; Secure; HttpOnly; Date=2024-05-20T09:48:37.202958200
Set-Cookie: cookie4=ma369xrz; Max-Age=25; Secure; HttpOnly; Date=2024-05-20T09:49:09.461530900
Set-Cookie: cookie5=ma370xrz; Max-Age=47; Secure; HttpOnly; Date=2024-05-20T09:49:09.462531100

[{"name":"Project_1","description":"Description_1","teacher":"Teacher_1","student":"Student_1","grade":"A","status":"Completed","lastModified":"2024-05-20T09:48:37.195382700"},{"name":"Project_2","description":"Description_2","teacher":"Teacher_2","student":"Student_2","grade":"B","status":"In_Progress","lastModified":"2024-05-20T09:48:37.195382700"},{"name":"Project_3","description":"Description_3","teacher":"Teacher_3","student":"Student_3","grade":"C","status":"In_Progress","lastModified":"2024-05-20T09:48:37.195382700"},{"name":"Project_4","description":"Description_4","teacher":"Teacher_4","student":"Student_4","grade":"D","status":"In_Progress","lastModified":"2024-05-20T09:48:37.195382700"},{"name":"Project_5","description":"Description_5","teacher":"Teacher_5","student":"Student_5","grade":"E","status":"In_Progress","lastModified":"2024-05-20T09:48:37.195382700"}]

2024-05-20T09:49:09.725997700-Client connected from /127.0.0.1:2337
2024-05-20T09:49:09.732021-Response: 
HTTP/1.1 304 Not Modified
Connection: close
Date: Mon, 20 May 2024 07:49:09 GMT
Server: DJGI/1.0.0
Content-Type: text/plain
Content-Length: 30
Set-Cookie: cookie3=ma368xrz; Max-Age=33; Secure; HttpOnly; Date=2024-05-20T09:48:37.202958200
Set-Cookie: cookie4=ma369xrz; Max-Age=25; Secure; HttpOnly; Date=2024-05-20T09:49:09.461530900
Set-Cookie: cookie5=ma370xrz; Max-Age=47; Secure; HttpOnly; Date=2024-05-20T09:49:09.462531100

Resource has not been modified

2024-05-20T09:49:09.749002300-Client connected from /127.0.0.1:2339
2024-05-20T09:49:09.759022400-Response: 
HTTP/1.1 200 OK
Connection: close
Date: Mon, 20 May 2024 07:49:09 GMT
Server: DJGI/1.0.0
Content-Type: application/json
Content-Length: 2064
Set-Cookie: cookie3=ma368xrz; Max-Age=33; Secure; HttpOnly; Date=2024-05-20T09:48:37.202958200
Set-Cookie: cookie4=ma369xrz; Max-Age=25; Secure; HttpOnly; Date=2024-05-20T09:49:09.461530900
Set-Cookie: cookie5=ma370xrz; Max-Age=47; Secure; HttpOnly; Date=2024-05-20T09:49:09.462531100

{"teachers":[{"name":"Teacher_2","passRate":0.6,"project":{"name":"Project_2","description":"Description_2","teacher":"Teacher_2","student":"Student_2","grade":"B","status":"In_Progress","lastModified":"2024-05-20T09:48:37.195382700"},"lastModified":"2024-05-20T09:48:37.195382700"},{"name":"Teacher_3","passRate":0.7,"project":{"name":"Project_3","description":"Description_3","teacher":"Teacher_3","student":"Student_3","grade":"C","status":"In_Progress","lastModified":"2024-05-20T09:48:37.195382700"},"lastModified":"2024-05-20T09:48:37.195382700"},{"name":"Teacher_4","passRate":0.8,"project":{"name":"Project_4","description":"Description_4","teacher":"Teacher_4","student":"Student_4","grade":"D","status":"In_Progress","lastModified":"2024-05-20T09:48:37.195382700"},"lastModified":"2024-05-20T09:48:37.195382700"},{"name":"Teacher_5","passRate":0.9,"project":{"name":"Project_5","description":"Description_5","teacher":"Teacher_5","student":"Student_5","grade":"E","status":"In_Progress","lastModified":"2024-05-20T09:48:37.195382700"},"lastModified":"2024-05-20T09:48:37.195382700"}],"projects":[{"name":"Project_1","description":"Description_1","teacher":"Teacher_1","student":"Student_1","grade":"A","status":"Completed","lastModified":"2024-05-20T09:48:37.195382700"},{"name":"Project_2","description":"Description_2","teacher":"Teacher_2","student":"Student_2","grade":"B","status":"In_Progress","lastModified":"2024-05-20T09:48:37.195382700"},{"name":"Project_3","description":"Description_3","teacher":"Teacher_3","student":"Student_3","grade":"C","status":"In_Progress","lastModified":"2024-05-20T09:48:37.195382700"},{"name":"Project_4","description":"Description_4","teacher":"Teacher_4","student":"Student_4","grade":"D","status":"In_Progress","lastModified":"2024-05-20T09:48:37.195382700"},{"name":"Project_5","description":"Description_5","teacher":"Teacher_5","student":"Student_5","grade":"E","status":"In_Progress","lastModified":"2024-05-20T09:48:37.195382700"}],"path":"TeachersClass.txt","lastModified":"2024-05-20T09:49:09.752999100"}

2024-05-20T09:49:09.776539600-Client connected from /127.0.0.1:2341
2024-05-20T09:49:09.781388600-Response: 
HTTP/1.1 200 OK
Connection: close
Date: Mon, 20 May 2024 07:49:09 GMT
Server: DJGI/1.0.0
Content-Type: application/json
Content-Length: 884
Set-Cookie: cookie3=ma368xrz; Max-Age=33; Secure; HttpOnly; Date=2024-05-20T09:48:37.202958200
Set-Cookie: cookie4=ma369xrz; Max-Age=25; Secure; HttpOnly; Date=2024-05-20T09:49:09.461530900
Set-Cookie: cookie5=ma370xrz; Max-Age=47; Secure; HttpOnly; Date=2024-05-20T09:49:09.462531100

[{"name":"Project_1","description":"Description_1","teacher":"Teacher_1","student":"Student_1","grade":"A","status":"Completed","lastModified":"2024-05-20T09:48:37.195382700"},{"name":"Project_2","description":"Description_2","teacher":"Teacher_2","student":"Student_2","grade":"B","status":"In_Progress","lastModified":"2024-05-20T09:48:37.195382700"},{"name":"Project_3","description":"Description_3","teacher":"Teacher_3","student":"Student_3","grade":"C","status":"In_Progress","lastModified":"2024-05-20T09:48:37.195382700"},{"name":"Project_4","description":"Description_4","teacher":"Teacher_4","student":"Student_4","grade":"D","status":"In_Progress","lastModified":"2024-05-20T09:48:37.195382700"},{"name":"Project_5","description":"Description_5","teacher":"Teacher_5","student":"Student_5","grade":"E","status":"In_Progress","lastModified":"2024-05-20T09:48:37.195382700"}]

2024-05-20T09:49:39.801312200-Client connected from /127.0.0.1:2344
2024-05-20T09:49:39.806297600-Response: 
HTTP/1.1 200 OK
Connection: close
Date: Mon, 20 May 2024 07:49:39 GMT
Server: DJGI/1.0.0
Content-Type: application/json
Content-Length: 884
Set-Cookie: cookie6=ma371xrz; Max-Age=60; HttpOnly; Date=2024-05-20T09:49:39.804295800
Set-Cookie: cookie7=ma372xrz; Max-Age=44; HttpOnly; Date=2024-05-20T09:49:39.804295800
Set-Cookie: cookie5=ma370xrz; Max-Age=47; Secure; HttpOnly; Date=2024-05-20T09:49:09.462531100

[{"name":"Project_1","description":"Description_1","teacher":"Teacher_1","student":"Student_1","grade":"A","status":"Completed","lastModified":"2024-05-20T09:48:37.195382700"},{"name":"Project_2","description":"Description_2","teacher":"Teacher_2","student":"Student_2","grade":"B","status":"In_Progress","lastModified":"2024-05-20T09:48:37.195382700"},{"name":"Project_3","description":"Description_3","teacher":"Teacher_3","student":"Student_3","grade":"C","status":"In_Progress","lastModified":"2024-05-20T09:48:37.195382700"},{"name":"Project_4","description":"Description_4","teacher":"Teacher_4","student":"Student_4","grade":"D","status":"In_Progress","lastModified":"2024-05-20T09:48:37.195382700"},{"name":"Project_5","description":"Description_5","teacher":"Teacher_5","student":"Student_5","grade":"E","status":"In_Progress","lastModified":"2024-05-20T09:48:37.195382700"}]

