2024-05-02T16:42:57.117630-Server is running on port: 80
2024-05-02T16:43:44.444696-Client connected from /127.0.0.1:58130
2024-05-02T16:43:44.466713-Response: 
HTTP/1.1 200 OK
Connection: close
Date: Thu, 02 May 2024 14:43:44 GMT
Server: DJGI/1.0.0
Content-Type: application/json
Content-Length: 875
Set-Cookie: cookie4=ma369xrz; Max-Age=41; HttpOnly; Date=2024-05-02T16:43:44.465911
Set-Cookie: cookie5=ma370xrz; Max-Age=56; HttpOnly; Date=2024-05-02T16:43:44.466263
Set-Cookie: cookie3=ma368xrz; Max-Age=57; HttpOnly; Date=2024-05-02T16:42:57.073725

{
"teachers": 
[
Name: Teacher_1 PassRate: 0.5 Project Assigned: Project_1
Name: Teacher_2 PassRate: 0.6 Project Assigned: Project_2
Name: Teacher_3 PassRate: 0.7 Project Assigned: Project_3
Name: Teacher_4 PassRate: 0.8 Project Assigned: Project_4
Name: Teacher_5 PassRate: 0.9 Project Assigned: Project_5
]
"projects": 
[
Name: Project_1 Description: Description_1 Teacher: Teacher_1 Student: Student_1 Grade: A Status: Completed
Name: Project_2 Description: Description_2 Teacher: Teacher_2 Student: Student_2 Grade: B Status: In_Progress
Name: Project_3 Description: Description_3 Teacher: Teacher_3 Student: Student_3 Grade: C Status: In_Progress
Name: Project_4 Description: Description_4 Teacher: Teacher_4 Student: Student_4 Grade: D Status: In_Progress
Name: Project_5 Description: Description_5 Teacher: Teacher_5 Student: Student_5 Grade: E Status: In_Progress
]
}

2024-05-02T16:43:44.476153-Client connected from /127.0.0.1:58131
2024-05-02T16:43:44.476939-Response: 
HTTP/1.1 200 OK
Connection: close
Date: Thu, 02 May 2024 14:43:44 GMT
Server: DJGI/1.0.0
Content-Type: application/json
Content-Length: 57
Set-Cookie: cookie3=ma368xrz; Max-Age=57; HttpOnly; Date=2024-05-02T16:42:57.073725
Set-Cookie: cookie4=ma369xrz; Max-Age=41; HttpOnly; Date=2024-05-02T16:43:44.465911
Set-Cookie: cookie5=ma370xrz; Max-Age=56; HttpOnly; Date=2024-05-02T16:43:44.466263

Name: Teacher_1 PassRate: 0.5 Project Assigned: Project_1

2024-05-02T16:43:44.478131-Client connected from /127.0.0.1:58132
2024-05-02T16:43:44.479261-Response: 
HTTP/1.1 404 Not Found
Connection: close
Date: Thu, 02 May 2024 14:43:44 GMT
Server: DJGI/1.0.0
Content-Type: text/plain
Content-Length: 18
Set-Cookie: cookie3=ma368xrz; Max-Age=57; HttpOnly; Date=2024-05-02T16:42:57.073725
Set-Cookie: cookie4=ma369xrz; Max-Age=41; HttpOnly; Date=2024-05-02T16:43:44.465911
Set-Cookie: cookie5=ma370xrz; Max-Age=56; HttpOnly; Date=2024-05-02T16:43:44.466263

Resource not found

2024-05-02T16:43:44.480495-Client connected from /127.0.0.1:58133
2024-05-02T16:43:44.481657-Response: 
HTTP/1.1 404 Not Found
Connection: close
Date: Thu, 02 May 2024 14:43:44 GMT
Server: DJGI/1.0.0
Content-Type: text/plain
Content-Length: 18
Set-Cookie: cookie3=ma368xrz; Max-Age=57; HttpOnly; Date=2024-05-02T16:42:57.073725
Set-Cookie: cookie4=ma369xrz; Max-Age=41; HttpOnly; Date=2024-05-02T16:43:44.465911
Set-Cookie: cookie5=ma370xrz; Max-Age=56; HttpOnly; Date=2024-05-02T16:43:44.466263

Resource not found

2024-05-02T16:43:44.483265-Client connected from /127.0.0.1:58134
2024-05-02T16:43:44.485010-Response: 
HTTP/1.1 200 OK
Connection: close
Date: Thu, 02 May 2024 14:43:44 GMT
Server: DJGI/1.0.0
Content-Type: text/plain
Content-Length: 15
Set-Cookie: cookie3=ma368xrz; Max-Age=57; HttpOnly; Date=2024-05-02T16:42:57.073725
Set-Cookie: cookie4=ma369xrz; Max-Age=41; HttpOnly; Date=2024-05-02T16:43:44.465911
Set-Cookie: cookie5=ma370xrz; Max-Age=56; HttpOnly; Date=2024-05-02T16:43:44.466263

Teacher deleted

2024-05-02T16:43:44.487052-Client connected from /127.0.0.1:58135
2024-05-02T16:43:44.493097-Response: 
HTTP/1.1 200 OK
Connection: close
Date: Thu, 02 May 2024 14:43:44 GMT
Server: DJGI/1.0.0
Content-Type: application/json
Content-Length: 107
Set-Cookie: cookie3=ma368xrz; Max-Age=57; HttpOnly; Date=2024-05-02T16:42:57.073725
Set-Cookie: cookie4=ma369xrz; Max-Age=41; HttpOnly; Date=2024-05-02T16:43:44.465911
Set-Cookie: cookie5=ma370xrz; Max-Age=56; HttpOnly; Date=2024-05-02T16:43:44.466263

Name: Project_1 Description: Description_1 Teacher: Teacher_1 Student: Student_1 Grade: A Status: Completed

2024-05-02T16:43:44.494590-Client connected from /127.0.0.1:58136
2024-05-02T16:43:44.495458-Response: 
HTTP/1.1 304 Not Modified
Connection: close
Date: Thu, 02 May 2024 14:43:44 GMT
Server: DJGI/1.0.0
Content-Type: text/plain
Content-Length: 30
Set-Cookie: cookie3=ma368xrz; Max-Age=57; HttpOnly; Date=2024-05-02T16:42:57.073725
Set-Cookie: cookie4=ma369xrz; Max-Age=41; HttpOnly; Date=2024-05-02T16:43:44.465911
Set-Cookie: cookie5=ma370xrz; Max-Age=56; HttpOnly; Date=2024-05-02T16:43:44.466263

Resource has not been modified

2024-05-02T16:43:44.496718-Client connected from /127.0.0.1:58137
2024-05-02T16:43:44.497761-Response: 
HTTP/1.1 200 OK
Connection: close
Date: Thu, 02 May 2024 14:43:44 GMT
Server: DJGI/1.0.0
Content-Type: application/json
Content-Length: 817
Set-Cookie: cookie3=ma368xrz; Max-Age=57; HttpOnly; Date=2024-05-02T16:42:57.073725
Set-Cookie: cookie4=ma369xrz; Max-Age=41; HttpOnly; Date=2024-05-02T16:43:44.465911
Set-Cookie: cookie5=ma370xrz; Max-Age=56; HttpOnly; Date=2024-05-02T16:43:44.466263

{
"teachers": 
[
Name: Teacher_2 PassRate: 0.6 Project Assigned: Project_2
Name: Teacher_3 PassRate: 0.7 Project Assigned: Project_3
Name: Teacher_4 PassRate: 0.8 Project Assigned: Project_4
Name: Teacher_5 PassRate: 0.9 Project Assigned: Project_5
]
"projects": 
[
Name: Project_1 Description: Description_1 Teacher: Teacher_1 Student: Student_1 Grade: A Status: Completed
Name: Project_2 Description: Description_2 Teacher: Teacher_2 Student: Student_2 Grade: B Status: In_Progress
Name: Project_3 Description: Description_3 Teacher: Teacher_3 Student: Student_3 Grade: C Status: In_Progress
Name: Project_4 Description: Description_4 Teacher: Teacher_4 Student: Student_4 Grade: D Status: In_Progress
Name: Project_5 Description: Description_5 Teacher: Teacher_5 Student: Student_5 Grade: E Status: In_Progress
]
}

